k     L(u,y)    L(u,z)    T(u)      L(v,y)    L(v,z)    T(v)      L(w,y)    L(w,z)    T(w)      uu        uv        vv        uw        vw        ww        U         V         W         TKE
 0    0.0000    0.0000    0.0000    0.0000    0.0000    0.0000    0.0000    0.0000    0.0000    0.1160    0.0000    0.0445   -0.0566    0.0009    0.0000    0.0000    0.0000    0.0000    0.0000
 1   90.6338   90.6338   90.0814  108.3052  108.3052   60.0733   51.3851   51.3851   31.5206    0.1160    0.0000    0.0445   -0.0538    0.0051    0.0122    2.5803   -0.0385    0.0000    0.0000
 2   81.5532   81.5532   83.5640  109.9974  109.9974   49.2243   53.1597   53.1597   30.9640    0.2445    0.0000    0.0700   -0.0511    0.0081    0.0277    3.2492   -0.0889    0.0000    0.0000
 3   83.1169   83.1169   71.0977  115.7680  115.7680   40.9374   55.7390   55.7390   33.0534    0.2896    0.0000    0.0941   -0.0485    0.0101    0.0412    3.7415   -0.1535    0.0000    0.0000
 4   88.5377   88.5377   66.1020  124.8287  124.8287   37.0300   59.6543   59.6543   31.5113    0.2384    0.0000    0.1024   -0.0460    0.0117    0.0502    3.9432   -0.2025    0.0000    0.0000
 5   94.3702   94.3702   62.7941  132.1634  132.1634   34.9224   64.1206   64.1206   29.8622    0.2097    0.0000    0.1060   -0.0437    0.0130    0.0554    4.0913   -0.2558    0.0000    0.0000
 6   99.9301   99.9301   59.8053  140.7821  140.7821   33.6778   68.9974   68.9974   28.6996    0.1838    0.0000    0.1061   -0.0414    0.0142    0.0577    4.1949   -0.3060    0.0000    0.0000
 7  106.1346  106.1346   56.8099  149.1809  149.1809   32.7468   73.8206   73.8206   27.9193    0.1660    0.0000    0.1042   -0.0392    0.0152    0.0583    4.2844   -0.3524    0.0000    0.0000
 8  113.0709  113.0709   54.7256  157.5092  157.5092   31.9456   78.6833   78.6833   27.3390    0.1518    0.0000    0.1013   -0.0371    0.0160    0.0579    4.3597   -0.3932    0.0000    0.0000
 9  120.5478  120.5478   53.9015  164.1533  164.1533   31.6400   83.7441   83.7441   26.8500    0.1408    0.0000    0.0979   -0.0350    0.0168    0.0570    4.4259   -0.4305    0.0000    0.0000
10  126.9046  126.9046   53.8549  171.3672  171.3672   31.7055   88.6768   88.6768   26.5087    0.1315    0.0000    0.0946   -0.0330    0.0174    0.0557    4.4846   -0.4653    0.0000    0.0000
11  133.2369  133.2369   54.0702  178.4938  178.4938   31.8680   93.1137   93.1137   26.3521    0.1239    0.0000    0.0915   -0.0311    0.0179    0.0544    4.5379   -0.4991    0.0000    0.0000
12  140.2854  140.2854   54.3859  185.2158  185.2158   32.2351   97.6914   97.6914   26.3482    0.1171    0.0000    0.0887   -0.0293    0.0183    0.0529    4.5860   -0.5324    0.0000    0.0000
13  144.1995  144.1995   53.9153  192.8460  192.8460   32.5731  102.8652  102.8652   26.3625    0.1111    0.0000    0.0862   -0.0275    0.0186    0.0515    4.6291   -0.5654    0.0000    0.0000
14  146.8493  146.8493   52.9028  201.2731  201.2731   32.9198  107.7799  107.7799   26.3855    0.1054    0.0000    0.0839   -0.0258    0.0189    0.0502    4.6683   -0.5981    0.0000    0.0000
15  150.2410  150.2410   51.6377  208.6475  208.6475   33.2074  111.7214  111.7214   26.4313    0.0999    0.0000    0.0819   -0.0241    0.0191    0.0490    4.7044   -0.6304    0.0000    0.0000
16  152.9040  152.9040   50.6130  213.0161  213.0161   33.6437  115.3086  115.3086   26.5496    0.0948    0.0000    0.0800   -0.0225    0.0192    0.0477    4.7380   -0.6621    0.0000    0.0000
17  155.2891  155.2891   50.1517  217.4698  217.4698   34.1764  118.9698  118.9698   26.7494    0.0899    0.0000    0.0785   -0.0210    0.0192    0.0465    4.7695   -0.6933    0.0000    0.0000
18  157.9210  157.9210   49.7965  222.4596  222.4596   34.6816  122.1640  122.1640   26.9669    0.0854    0.0000    0.0772   -0.0195    0.0193    0.0452    4.7991   -0.7242    0.0000    0.0000
19  159.1452  159.1452   49.5924  228.7130  228.7130   35.0771  125.1577  125.1577   27.2341    0.0813    0.0000    0.0760   -0.0181    0.0192    0.0440    4.8267   -0.7548    0.0000    0.0000
20  160.7350  160.7350   49.2809  237.5985  237.5985   35.7710  127.7423  127.7423   27.5955    0.0774    0.0000    0.0747   -0.0167    0.0191    0.0428    4.8520   -0.7849    0.0000    0.0000
21  163.8545  163.8545   49.1652  245.2154  245.2154   36.8335  129.9877  129.9877   27.8926    0.0737    0.0000    0.0732   -0.0154    0.0190    0.0417    4.8752   -0.8143    0.0000    0.0000
22  168.4715  168.4715   49.8537  252.3507  252.3507   37.9868  132.4566  132.4566   28.0909    0.0702    0.0000    0.0715   -0.0142    0.0188    0.0406    4.8965   -0.8430    0.0000    0.0000
23  173.3566  173.3566   51.1743  259.4696  259.4696   39.1698  135.1549  135.1549   28.2932    0.0668    0.0000    0.0697   -0.0130    0.0185    0.0395    4.9162   -0.8713    0.0000    0.0000
24  176.3566  176.3566   52.0513  269.4778  269.4778   40.0834  137.8835  137.8835   28.5231    0.0639    0.0000    0.0678   -0.0118    0.0183    0.0384    4.9342   -0.8990    0.0000    0.0000
25  178.3596  178.3596   52.1760  280.3202  280.3202   40.7432  140.8380  140.8380   28.6813    0.0612    0.0000    0.0659   -0.0108    0.0180    0.0373    4.9503   -0.9260    0.0000    0.0000
26  179.5932  179.5932   51.4299  286.8347  286.8347   41.1621  144.0726  144.0726   28.8202    0.0587    0.0000    0.0640   -0.0097    0.0177    0.0362    4.9645   -0.9528    0.0000    0.0000
27  181.6694  181.6694   50.5231  290.3011  290.3011   41.6772  147.6231  147.6231   28.9880    0.0562    0.0000    0.0622   -0.0087    0.0173    0.0351    4.9772   -0.9793    0.0000    0.0000
28  184.3492  184.3492   50.2264  294.7798  294.7798   42.4416  151.9140  151.9140   29.1910    0.0539    0.0000    0.0604   -0.0078    0.0169    0.0341    4.9884   -1.0053    0.0000    0.0000
29  185.5381  185.5381   49.7611  299.5943  299.5943   43.3186  156.5502  156.5502   29.3770    0.0517    0.0000    0.0585   -0.0069    0.0165    0.0330    4.9983   -1.0307    0.0000    0.0000
30  186.4175  186.4175   49.2906  302.3120  302.3120   43.8125  160.7088  160.7088   29.5563    0.0496    0.0000    0.0565   -0.0061    0.0161    0.0320    5.0069   -1.0556    0.0000    0.0000
31  188.8065  188.8065   48.6884  302.9316  302.9316   44.2986  164.1408  164.1408   29.8326    0.0475    0.0000    0.0547   -0.0053    0.0157    0.0311    5.0145   -1.0801    0.0000    0.0000
32  192.4944  192.4944   48.1877  301.8468  301.8468   44.9742  166.6865  166.6865   30.2313    0.0454    0.0000    0.0530   -0.0045    0.0152    0.0301    5.0209   -1.1043    0.0000    0.0000
33  195.3870  195.3870   48.2103  299.3906  299.3906   45.5356  169.2981  169.2981   30.6523    0.0434    0.0000    0.0514   -0.0038    0.0148    0.0292    5.0259   -1.1281    0.0000    0.0000
34  199.0690  199.0690   48.9234  296.9206  296.9206   45.7284  171.9188  171.9188   30.9202    0.0413    0.0000    0.0498   -0.0031    0.0143    0.0282    5.0300   -1.1513    0.0000    0.0000
35  201.2046  201.2046   49.2401  297.3595  297.3595   45.9853  173.8814  173.8814   31.0679    0.0394    0.0000    0.0482   -0.0025    0.0138    0.0273    5.0332   -1.1739    0.0000    0.0000
36  200.1561  200.1561   49.4207  299.7240  299.7240   46.4279  175.2207  175.2207   31.2766    0.0376    0.0000    0.0465   -0.0019    0.0134    0.0263    5.0358   -1.1958    0.0000    0.0000
37  197.5785  197.5785   49.6971  301.5246  301.5246   46.9533  176.4583  176.4583   31.5785    0.0359    0.0000    0.0448   -0.0014    0.0129    0.0254    5.0375   -1.2169    0.0000    0.0000
38  195.2063  195.2063   50.0721  304.1877  304.1877   47.5114  177.9560  177.9560   32.0427    0.0341    0.0000    0.0429   -0.0008    0.0124    0.0244    5.0385   -1.2376    0.0000    0.0000
39  193.8459  193.8459   50.4840  307.0755  307.0755   48.0816  179.1998  179.1998   32.6060    0.0323    0.0000    0.0409   -0.0003    0.0119    0.0234    5.0388   -1.2589    0.0000    0.0000
40  194.9296  194.9296   50.8137  305.9508  305.9508   48.5782  179.9673  179.9673   33.1614    0.0305    0.0000    0.0388    0.0002    0.0113    0.0224    5.0385   -1.2807    0.0000    0.0000
41  197.1424  197.1424   51.2192  299.8862  299.8862   48.8320  181.2719  181.2719   33.6225    0.0286    0.0000    0.0368    0.0007    0.0107    0.0213    5.0376   -1.3030    0.0000    0.0000
42  198.5987  198.5987   51.1775  294.8469  294.8469   49.8609  183.5856  183.5856   33.8748    0.0267    0.0000    0.0348    0.0011    0.0100    0.0201    5.0361   -1.3255    0.0000    0.0000
43  199.3289  199.3289   51.4131  294.0959  294.0959   51.1354  185.9034  185.9034   33.9814    0.0248    0.0000    0.0328    0.0016    0.0093    0.0188    5.0335   -1.3485    0.0000    0.0000
44  202.7341  202.7341   52.0077  293.4617  293.4617   51.5322  187.9624  187.9624   34.0290    0.0229    0.0000    0.0307    0.0020    0.0086    0.0175    5.0293   -1.3718    0.0000    0.0000
45  206.8970  206.8970   52.2328  292.7343  292.7343   52.3976  190.3848  190.3848   34.2215    0.0212    0.0000    0.0286    0.0023    0.0078    0.0162    5.0231   -1.3950    0.0000    0.0000
46  211.2768  211.2768   52.7761  293.1154  293.1154   54.2240  192.0295  192.0295   34.6360    0.0193    0.0000    0.0265    0.0027    0.0070    0.0150    5.0143   -1.4177    0.0000    0.0000
47  217.8989  217.8989   55.1255  289.1159  289.1159   56.7680  191.9566  191.9566   35.3013    0.0175    0.0000    0.0245    0.0029    0.0062    0.0137    5.0032   -1.4394    0.0000    0.0000
48  220.0334  220.0334   56.1734  291.6742  291.6742   58.0838  192.3078  192.3078   36.6255    0.0160    0.0000    0.0224    0.0031    0.0054    0.0125    4.9909   -1.4591    0.0000    0.0000
49  228.5628  228.5628   56.1665  295.0979  295.0979   59.1210  194.4208  194.4208   38.5292    0.0146    0.0000    0.0204    0.0032    0.0046    0.0114    4.9765   -1.4779    0.0000    0.0000
50  243.2438  243.2438   58.2472  300.2983  300.2983   60.4589  195.7923  195.7923   39.9866    0.0131    0.0000    0.0181    0.0033    0.0038    0.0102    4.9612   -1.4959    0.0000    0.0000
51  242.8911  242.8911   60.2604  307.7720  307.7720   60.4411  197.1664  197.1664   41.2276    0.0118    0.0000    0.0160    0.0032    0.0031    0.0091    4.9447   -1.5127    0.0000    0.0000
52  256.6081  256.6081   63.8998  304.4379  304.4379   58.8901  196.1027  196.1027   42.9033    0.0106    0.0000    0.0144    0.0031    0.0023    0.0081    4.9269   -1.5268    0.0000    0.0000
53  278.2560  278.2560   68.4423  293.2361  293.2361   57.3858  198.2752  198.2752   45.0351    0.0092    0.0000    0.0126    0.0028    0.0016    0.0072    4.9087   -1.5361    0.0000    0.0000
54  280.6457  280.6457   71.4947  287.5309  287.5309   55.7372  204.2722  204.2722   47.3688    0.0080    0.0000    0.0105    0.0025    0.0010    0.0063    4.8912   -1.5417    0.0000    0.0000
55  276.6949  276.6949   74.6981  298.9783  298.9783   54.2098  214.1789  214.1789   51.3216    0.0069    0.0000    0.0085    0.0022    0.0005    0.0055    4.8748   -1.5459    0.0000    0.0000
56  278.6690  278.6690   77.3293  298.6216  298.6216   54.8507  219.3164  219.3164   55.7823    0.0058    0.0000    0.0068    0.0018    0.0000    0.0049    4.8580   -1.5459    0.0000    0.0000
57  270.0579  270.0579   79.3857  311.6798  311.6798   57.6837  220.1027  220.1027   59.8093    0.0050    0.0000    0.0057    0.0014   -0.0003    0.0044    4.8442   -1.5416    0.0000    0.0000
58  271.6617  271.6617   79.9437  329.9130  329.9130   59.9889  224.0297  224.0297   60.9693    0.0043    0.0000    0.0048    0.0011   -0.0005    0.0038    4.8328   -1.5361    0.0000    0.0000
59  267.2595  267.2595   78.6088  330.0630  330.0630   62.6636  222.7452  222.7452   61.7276    0.0035    0.0000    0.0042    0.0008   -0.0006    0.0032    4.8216   -1.5309    0.0000    0.0000
60  264.4256  264.4256   83.6483  343.1786  343.1786   64.3301  216.8728  216.8728   62.8090    0.0030    0.0000    0.0038    0.0005   -0.0007    0.0025    4.8125   -1.5243    0.0000    0.0000
61  284.4623  284.4623   85.5124  356.8365  356.8365   62.5142  228.7072  228.7072   59.2855    0.0029    0.0000    0.0034    0.0003   -0.0006    0.0019    4.8063   -1.5159    0.0000    0.0000
62  279.1082  279.1082   94.5554  366.9531  366.9531   68.8115  251.8152  251.8152   54.3051    0.0029    0.0000    0.0030    0.0001   -0.0004    0.0011    4.8004   -1.5078    0.0000    0.0000
63  278.4987  278.4987  107.3812  431.4961  431.4961   82.8484  234.0222  234.0222   49.6648    0.0029    0.0000    0.0026    0.0000   -0.0002    0.0002    4.7965   -1.5004    0.0000    0.0000
64  360.0059  360.0059  112.2455  478.4848  478.4848   90.3419  405.0530  405.0530  144.4400    0.0025    0.0000    0.0019   -0.0000    0.0000    0.0000    4.7963   -1.4980    0.0000    0.0000
65  360.0059  360.0059  112.2455  478.4848  478.4848   90.3419  405.0530  405.0530  144.4400    0.0000    0.0000    0.0000    0.0000    0.0000    0.0000    4.8000   -1.5000    0.0000    0.0000
